

--- Batch 11 ---


[5820, [-8.089717098754974, 4.901749501569805, -6.339604236296072, -3.51763821076156]]
[5220, [5.7522493172363305, 2.374521937846648, -9.40249675212247, -2.6309533765284616]]
[419, [-9.909763541699927, 2.7643786169375097, -9.659475690405221, 2.0334296861863432]]
[20, [0.47790865673055194, -8.06958629847939, -0.5613012873975904, -6.329385250673633]]
[20, [-4.701216661528534, -8.946163116206169, 4.42582669002719, -2.274847088487104]]
[18, [-4.7446420411643135, -1.5648175016067611, -3.725841106174899, 4.982296262740498]]
[15, [4.445238604133477, -3.5007016954945165, 0.5084813386751534, -3.0120859915624676]]
[15, [7.9041701653894805, -0.5713101232949178, 8.5825260204644, -6.918991173886604]]
[13, [6.921927429832209, 4.197312109172524, -1.0920057229277873, 1.2821430980306268]]
[12, [-4.215377842269, 5.085180727448757, 4.240106712228389, 9.0534622867476]]
