
--- Batch 0 ---

[196100, [-7.24507773652774, 2.6948116989557995, -8.03775320159473, -4.602849239315139]]
[196100, [-8.690320419473798, 7.371085376190724, 1.2966565384610504, -3.091967268379994]]
[145982, [-9.541955599350116, 4.687514779547861, -7.330139194327863, -1.1161475903278077]]
[144379, [-1.7280279121355981, 5.793908755214748, -7.14538072179441, -0.7664381685649104]]
[97084, [-8.20358250489809, 2.991773254233859, -7.504269225112578, -8.30500701127064]]
[36531, [0.11411616919787093, 9.602707409067225, -7.303599509491086, -7.49500826932457]]
[11872, [-4.797274560189482, -8.465399946409583, -5.424011082403917, -8.779906452874508]]
[4051, [5.707890334737257, -4.061196920287928, -7.946272198516084, -6.07753973287303]]
[1036, [4.854218174415216, -2.1791285750498552, -3.8080683937100073, -9.223017497322587]]
[829, [9.62881840799622, 4.536835338752921, -7.691571176477046, -6.736427872204221]]
[241, [-0.3087106959631676, -5.810808161959167, -0.8419373864861015, -7.126718759546684]]
[221, [-1.2445841610571744, 6.067685082813959, -9.084760018163603, 0.6517123476191156]]
[38, [-5.245529906416417, -8.889657123738404, 4.167206929526497, -2.910169367569848]]
[32, [-6.472253069251403, -3.302892176549941, -1.9222543105222982, -0.022716033534457836]]
[30, [-5.2713461194998175, -9.04842608578652, 5.55502224403369, -2.2164812607040822]]
[22, [-0.8897916193417483, 2.711597846975595, 1.9120853383600718, -2.671011574891873]]
[22, [9.58566421861958, -6.869835528869947, -5.866488697723993, -8.39364011446347]]
[21, [9.726219344647763, -2.634119727422137, -7.284996329479525, -4.580796809202856]]
[20, [8.352121167335984, 4.593896246975731, -8.675032916685472, 7.285850031076006]]
[20, [3.210715358788331, -9.278834339521481, -8.600683711280224, 3.833833483261209]]
[19, [5.537410264243288, -7.867596670065682, -7.934670035172459, 2.884743912121957]]
[19, [-0.7782605180078122, 0.21648839787627594, -6.988128819046726, 9.32971810573575]]
[19, [-9.214502900061632, -3.1033686859717875, -3.328588711438389, 2.5184645562835932]]
[19, [-4.092210754787507, 5.199511508768451, -9.263657389600379, 2.6823697020269233]]
[18, [3.365019353748549, 8.383637553766839, 4.316287012358329, -8.433934728217816]]
[18, [-1.595695936951774, 9.506261966354202, -7.226587760669907, 5.445726812186354]]
[17, [-8.214288132474996, 4.128509678374703, -0.5256904037601053, 4.009607861721756]]
[16, [-6.955983756697027, 7.065870684881492, 6.707401952125668, 4.180059489635045]]
[14, [9.73051373147175, -4.549530432018982, -4.067398212397095, -3.2635752471731427]]
[14, [9.9912489477191, 5.018877556596124, -0.6856967939834178, -9.102122422038718]]
[14, [8.347013448769648, -5.140514522413122, 1.3089989786357386, -6.122017460283626]]
[14, [-1.5090743042114205, -8.777218745632577, 7.771876051827146, -5.784395965217357]]
[14, [8.315013350752253, -7.528018675308978, -3.3640149398136643, 5.149189561718135]]
[14, [4.140246786603592, -0.33803468928600466, 6.881775264437827, -1.8363718916280813]]
[14, [5.58879747639298, -9.581441011451604, 4.416697362575427, -0.5207377181388306]]
[13, [9.948124795770944, -2.062350640357402, 0.46837356447864664, -4.907283507729119]]
[13, [1.03180703157242, -9.566861134024947, 7.552935845780279, -2.8942583916032305]]
[13, [5.441129747089677, 5.519069860932859, 8.88199945729858, 9.4346122986606]]
[13, [6.216524581117884, 4.263756564955559, 1.9517130084121543, 7.925928487986024]]
[13, [-0.9697201953502006, -5.898802968187109, 3.3517069951080725, 0.23668112960613108]]
[13, [6.896258870151751, 8.862261904364491, -5.412150828958224, 5.681908108807301]]
[13, [7.096157085554196, 5.376672689621477, 0.1394294705223782, 8.321966922055356]]
[13, [3.297557073916426, 1.7826554994644006, 2.7129538048420088, 7.830189813132918]]
[13, [9.878080373700211, -0.9679939233519192, 0.3384625313751499, -3.3113978766329843]]
[13, [1.7184678016769972, 2.6205547580746114, 5.596164417750202, 4.570807842860411]]
[13, [2.7306680688550156, 6.373520142744727, 6.731480507129177, 5.86570418206901]]
[12, [7.651462110350838, -9.653431176309695, -2.5266024166648204, 7.078217479794823]]
[12, [5.051075331215385, -1.829572690028014, -2.04762580903939, 4.637970932913467]]
[12, [-0.9427531274432948, -2.6050512175963796, 1.7192312946607053, 2.622175352105689]]
[11, [1.0046935659651695, -2.546405550812583, 3.6558718747987413, 9.347555887394098]]
average: [0.40561588366121926, -0.48157282521134825, -2.9576469562088454, -2.034506359762354]
train for generation 0 take 853.865972995758 seconds
--- Batch 1 ---

[196900, [-9.541955599350116, 4.687514779547861, -8.03775320159473, -4.602849239315139]]
[193300, [-8.20358250489809, 2.991773254233859, 1.2966565384610504, -3.091967268379994]]
[188483, [-1.7280279121355981, 5.793908755214748, -7.14538072179441, -0.7664381685649104]]
[187677, [-1.7280279121355981, 4.687514779547861, -7.14538072179441, -0.7664381685649104]]
[186877, [-7.24507773652774, 2.6948116989557995, -8.03775320159473, -4.602849239315139]]
[183876, [-8.690320419473798, 7.371085376190724, 1.2966565384610504, -3.091967268379994]]
[163028, [-9.541955599350116, 2.991773254233859, -7.504269225112578, -1.1161475903278077]]
[150990, [-8.690320419473798, 5.793908755214748, -7.14538072179441, -0.7664381685649104]]
[131345, [-7.24507773652774, 5.793908755214748, -8.03775320159473, -0.7664381685649104]]
[130747, [-7.24507773652774, 5.793908755214748, -7.14538072179441, -0.7664381685649104]]
[127941, [-7.24507773652774, 2.6948116989557995, -7.14538072179441, -0.7664381685649104]]
[127941, [-8.20358250489809, 2.991773254233859, -7.504269225112578, -0.7664381685649104]]
[122946, [-1.7280279121355981, 2.6948116989557995, -7.14538072179441, -4.602849239315139]]
[110293, [-8.690320419473798, 4.687514779547861, -7.330139194327863, -1.1161475903278077]]
[97886, [-8.20358250489809, 2.991773254233859, -7.504269225112578, -8.30500701127064]]
[93257, [-9.541955599350116, 4.687514779547861, -7.330139194327863, -1.1161475903278077]]
[73223, [-7.24507773652774, 7.371085376190724, 1.2966565384610504, -4.602849239315139]]
[48563, [-1.7280279121355981, 5.793908755214748, -7.504269225112578, -8.30500701127064]]
[48561, [0.11411616919787093, 9.602707409067225, -7.303599509491086, -7.49500826932457]]
[43149, [-1.7280279121355981, 2.991773254233859, -7.14538072179441, -8.30500701127064]]
[13075, [-4.797274560189482, -8.465399946409583, -5.424011082403917, -8.779906452874508]]
[3447, [-7.24507773652774, -7.868689812932825, -8.03775320159473, -4.602849239315139]]
[2447, [5.707890334737257, -4.061196920287928, -7.946272198516084, -6.07753973287303]]
[1845, [-0.3087106959631676, -5.810808161959167, -0.8419373864861015, -7.126718759546684]]
[1639, [4.854218174415216, -2.1791285750498552, -3.8080683937100073, -9.223017497322587]]
[1026, [-1.2445841610571744, 6.067685082813959, -9.084760018163603, 0.6517123476191156]]
[630, [9.62881840799622, 4.536835338752921, -7.691571176477046, -6.736427872204221]]
[425, [-0.8897916193417483, 2.711597846975595, 1.9120853383600718, -2.671011574891873]]
[39, [-5.245529906416417, -8.889657123738404, 4.167206929526497, -2.910169367569848]]
[35, [-6.472253069251403, -3.302892176549941, -1.9222543105222982, -0.022716033534457836]]
[32, [-5.2713461194998175, -9.04842608578652, 5.55502224403369, -2.2164812607040822]]
[24, [9.58566421861958, -6.869835528869947, -5.866488697723993, -8.39364011446347]]
[21, [-9.214502900061632, -3.1033686859717875, -3.328588711438389, 2.5184645562835932]]
[20, [-8.214288132474996, 4.128509678374703, -0.5256904037601053, 4.009607861721756]]
[20, [-4.092210754787507, 5.199511508768451, -9.263657389600379, 2.6823697020269233]]
[20, [5.537410264243288, -7.867596670065682, -7.934670035172459, 2.884743912121957]]
[20, [8.352121167335984, 4.593896246975731, -8.675032916685472, 7.285850031076006]]
[20, [9.726219344647763, -2.634119727422137, -7.284996329479525, -4.580796809202856]]
[19, [3.210715358788331, -9.278834339521481, -8.600683711280224, 3.833833483261209]]
[18, [-1.595695936951774, 9.506261966354202, -7.226587760669907, 5.445726812186354]]
[17, [-6.955983756697027, 7.065870684881492, 6.707401952125668, 4.180059489635045]]
[17, [-0.7782605180078122, 0.21648839787627594, -6.988128819046726, 9.32971810573575]]
[16, [9.9912489477191, 5.018877556596124, -0.6856967939834178, -9.102122422038718]]
[16, [3.365019353748549, 8.383637553766839, 4.316287012358329, -8.433934728217816]]
[14, [5.58879747639298, -9.581441011451604, 4.416697362575427, -0.5207377181388306]]
[14, [4.140246786603592, -0.33803468928600466, 6.881775264437827, -1.8363718916280813]]
[14, [-1.5090743042114205, -8.777218745632577, 7.771876051827146, -5.784395965217357]]
[14, [8.347013448769648, -5.140514522413122, 1.3089989786357386, -6.122017460283626]]
[14, [9.73051373147175, -4.549530432018982, -4.067398212397095, -3.2635752471731427]]
[12, [8.315013350752253, -7.528018675308978, -3.3640149398136643, 5.149189561718135]]
average: [-4.2079418904310755, 1.6615005389108628, -4.980818522829585, -3.2747769767355246]
train for generation 1 take 2434.262506008148 seconds
total time for training: 3288.1284790039062 seconds